MSE: 0.10971779550601647
MAE: 0.2937518060751272
R2: 0.9296934185683161
