MSE: 50.89205577463077
MAE: 4.890124413177697
R2: 0.21877496320010215
